1.006726989746093750e+02
9.749393463134765625e+01
9.016539001464843750e+01
8.612506103515625000e+01
8.207836914062500000e+01
8.141518402099609375e+01
7.571289062500000000e+01
7.254550933837890625e+01
6.895998382568359375e+01
6.852782440185546875e+01
6.850403594970703125e+01
6.555897521972656250e+01
6.261711883544921875e+01
6.001160812377929688e+01
5.815184783935546875e+01
5.517408752441406250e+01
5.323760604858398438e+01
5.115077209472656250e+01
5.051623535156250000e+01
4.819506072998046875e+01
4.780363464355468750e+01
4.746248245239257812e+01
4.588695907592773438e+01
4.556615447998046875e+01
4.510968017578125000e+01
4.283053207397460938e+01
4.252536773681640625e+01
4.252536773681640625e+01
4.180715942382812500e+01
4.180715942382812500e+01
4.150962066650390625e+01
4.242832565307617188e+01
4.189246749877929688e+01
4.214035797119140625e+01
4.074369812011718750e+01
4.022219467163085938e+01
4.022219467163085938e+01
4.201353454589843750e+01
4.243398666381835938e+01
4.339336395263671875e+01
4.371595001220703125e+01
4.402556610107421875e+01
4.496113586425781250e+01
4.730830383300781250e+01
5.119871902465820312e+01
5.741311645507812500e+01
6.438854980468750000e+01
7.257808685302734375e+01
8.016707611083984375e+01
8.914693450927734375e+01
9.524406433105468750e+01
1.042371520996093750e+02
1.155348510742187500e+02
1.259225234985351562e+02
1.359212799072265625e+02
1.469014739990234375e+02
1.580469055175781250e+02
1.689794158935546875e+02
1.769929656982421875e+02
1.884412231445312500e+02
1.963323669433593750e+02
2.033170166015625000e+02
2.138115386962890625e+02
2.210719757080078125e+02
2.300559844970703125e+02
2.348048400878906250e+02
2.398312683105468750e+02
2.413990020751953125e+02
2.473339843750000000e+02
2.514685211181640625e+02
2.546469879150390625e+02
2.591422424316406250e+02
2.652449340820312500e+02
2.660208740234375000e+02
2.698601074218750000e+02
2.734214782714843750e+02
2.767539062500000000e+02
2.801736145019531250e+02
2.804156799316406250e+02
2.815107727050781250e+02
2.851896362304687500e+02
2.880273132324218750e+02
2.897252807617187500e+02
2.925367431640625000e+02
2.930652770996093750e+02
2.957183532714843750e+02
2.959875793457031250e+02
2.947581481933593750e+02
2.967041320800781250e+02
2.993376464843750000e+02
2.970855102539062500e+02
2.970223388671875000e+02
2.958057556152343750e+02
2.983438415527343750e+02
2.993344421386718750e+02
2.989841003417968750e+02
3.000244750976562500e+02
2.990622558593750000e+02
2.977010803222656250e+02
2.982738647460937500e+02
2.985309448242187500e+02
2.993706970214843750e+02
2.979077148437500000e+02
2.954410400390625000e+02
2.953192443847656250e+02
2.949012451171875000e+02
2.939277038574218750e+02
2.906562194824218750e+02
2.898983459472656250e+02
2.824381713867187500e+02
2.780008239746093750e+02
2.728507995605468750e+02
2.663589172363281250e+02
2.607861022949218750e+02
2.543926086425781250e+02
2.487406921386718750e+02
2.434456481933593750e+02
2.407053222656250000e+02
2.351542968750000000e+02
2.303878021240234375e+02
2.197913360595703125e+02
2.176300201416015625e+02
2.097411651611328125e+02
1.961275482177734375e+02
1.894354858398437500e+02
1.847972106933593750e+02
1.775786895751953125e+02
1.668824768066406250e+02
1.632899169921875000e+02
1.576616821289062500e+02
1.501713409423828125e+02
1.407151031494140625e+02
1.347509002685546875e+02
1.268261260986328125e+02
1.218090057373046875e+02
1.150179672241210938e+02
1.130226440429687500e+02
1.080971069335937500e+02
1.053862838745117188e+02
1.017766265869140625e+02
9.867190551757812500e+01
9.465420532226562500e+01
8.962767791748046875e+01
9.017618560791015625e+01
