1.040000000000000000e+02
1.000000000000000000e+02
9.700000000000000000e+01
9.300000000000000000e+01
9.000000000000000000e+01
9.000000000000000000e+01
8.600000000000000000e+01
7.900000000000000000e+01
7.800000000000000000e+01
7.800000000000000000e+01
7.300000000000000000e+01
6.900000000000000000e+01
6.700000000000000000e+01
6.600000000000000000e+01
6.400000000000000000e+01
6.300000000000000000e+01
6.000000000000000000e+01
5.900000000000000000e+01
5.700000000000000000e+01
5.800000000000000000e+01
5.800000000000000000e+01
5.800000000000000000e+01
5.700000000000000000e+01
5.800000000000000000e+01
5.800000000000000000e+01
5.700000000000000000e+01
5.800000000000000000e+01
5.800000000000000000e+01
5.800000000000000000e+01
5.800000000000000000e+01
5.700000000000000000e+01
5.800000000000000000e+01
5.900000000000000000e+01
5.900000000000000000e+01
5.900000000000000000e+01
5.900000000000000000e+01
5.900000000000000000e+01
6.000000000000000000e+01
6.200000000000000000e+01
6.500000000000000000e+01
7.200000000000000000e+01
7.900000000000000000e+01
9.000000000000000000e+01
1.050000000000000000e+02
1.250000000000000000e+02
1.420000000000000000e+02
1.560000000000000000e+02
1.740000000000000000e+02
1.940000000000000000e+02
2.050000000000000000e+02
2.140000000000000000e+02
2.260000000000000000e+02
2.330000000000000000e+02
2.380000000000000000e+02
2.500000000000000000e+02
2.600000000000000000e+02
2.680000000000000000e+02
2.740000000000000000e+02
2.830000000000000000e+02
2.940000000000000000e+02
3.040000000000000000e+02
3.070000000000000000e+02
3.120000000000000000e+02
3.120000000000000000e+02
3.180000000000000000e+02
3.230000000000000000e+02
3.280000000000000000e+02
3.320000000000000000e+02
3.340000000000000000e+02
3.370000000000000000e+02
3.430000000000000000e+02
3.430000000000000000e+02
3.430000000000000000e+02
3.470000000000000000e+02
3.440000000000000000e+02
3.490000000000000000e+02
3.520000000000000000e+02
3.530000000000000000e+02
3.530000000000000000e+02
3.550000000000000000e+02
3.580000000000000000e+02
3.600000000000000000e+02
3.640000000000000000e+02
3.590000000000000000e+02
3.630000000000000000e+02
3.680000000000000000e+02
3.700000000000000000e+02
3.660000000000000000e+02
3.680000000000000000e+02
3.740000000000000000e+02
3.790000000000000000e+02
3.810000000000000000e+02
3.820000000000000000e+02
3.860000000000000000e+02
3.880000000000000000e+02
3.840000000000000000e+02
3.820000000000000000e+02
3.790000000000000000e+02
3.790000000000000000e+02
3.770000000000000000e+02
3.730000000000000000e+02
3.720000000000000000e+02
3.670000000000000000e+02
3.670000000000000000e+02
3.600000000000000000e+02
3.520000000000000000e+02
3.520000000000000000e+02
3.440000000000000000e+02
3.370000000000000000e+02
3.330000000000000000e+02
3.210000000000000000e+02
3.040000000000000000e+02
2.920000000000000000e+02
2.820000000000000000e+02
2.720000000000000000e+02
2.680000000000000000e+02
2.590000000000000000e+02
2.480000000000000000e+02
2.410000000000000000e+02
2.380000000000000000e+02
2.300000000000000000e+02
2.250000000000000000e+02
2.190000000000000000e+02
2.160000000000000000e+02
2.120000000000000000e+02
2.060000000000000000e+02
2.080000000000000000e+02
2.020000000000000000e+02
1.910000000000000000e+02
1.750000000000000000e+02
1.670000000000000000e+02
1.600000000000000000e+02
1.570000000000000000e+02
1.450000000000000000e+02
1.340000000000000000e+02
1.270000000000000000e+02
1.210000000000000000e+02
1.130000000000000000e+02
1.090000000000000000e+02
1.060000000000000000e+02
1.010000000000000000e+02
9.800000000000000000e+01
9.800000000000000000e+01
9.600000000000000000e+01
