1.056444655795627341e+02
1.097812359364827444e+02
1.058629997389051738e+02
1.048006212090386384e+02
9.617459009636770872e+01
9.083093286641438624e+01
8.636756016031898753e+01
8.134248222181533094e+01
7.760930359903970555e+01
7.611757966783312668e+01
7.477814847479925220e+01
7.381184145439995348e+01
7.193058375718857178e+01
7.127072594706218922e+01
7.055669170125325707e+01
6.938948562791613028e+01
6.686081058417427414e+01
6.688370973036023770e+01
6.565369273206921719e+01
6.574458781941730479e+01
6.535966864352755579e+01
6.372459693230523214e+01
6.326606281873915805e+01
6.404066392008462572e+01
6.348121244303384003e+01
6.347948867458768518e+01
6.288656674872503061e+01
6.226701940917969580e+01
6.289557277933757007e+01
6.245658806864420853e+01
6.227737673102484450e+01
6.256883192782930792e+01
6.271890870327418099e+01
6.271568648952907665e+01
6.292543907165526207e+01
6.305698271687825240e+01
6.411518335808648317e+01
6.572432056003145817e+01
6.649450888061522846e+01
6.959979930623372013e+01
7.345261288282604539e+01
7.891219837273492033e+01
8.670658785332572904e+01
9.020672771877713103e+01
9.154067377726238419e+01
9.999765889485678372e+01
1.139771948750814090e+02
1.254120639038085869e+02
1.755582192484537813e+02
1.759291776614718970e+02
1.714044923909505087e+02
1.869872091674804722e+02
1.967773932902018146e+02
2.092221149868435361e+02
2.397983287641737320e+02
2.447230031077066883e+02
2.347663602362738402e+02
2.498069612714979257e+02
2.758146640523274868e+02
2.804501750352647491e+02
2.883923222351074287e+02
2.884756134372287306e+02
2.892352307552761772e+02
2.943609364488389701e+02
3.087194142489963724e+02
3.036751306237114818e+02
3.049210405137803832e+02
3.024921325429280614e+02
3.108760187021891284e+02
3.020920070054796156e+02
3.092175073072645546e+02
2.993637909952798850e+02
2.973756717766655697e+02
2.978714987352159369e+02
3.054201358540852311e+02
3.047398444281683965e+02
3.061402710978189816e+02
3.123014672173393933e+02
3.315950749630398491e+02
3.407581444973415614e+02
3.363339931996663381e+02
3.259736393229166538e+02
3.276751677449544218e+02
3.272080035400389875e+02
3.284063141123453420e+02
3.276218052842882003e+02
3.385237535095214980e+02
3.465773928324381359e+02
3.495603910488553083e+02
3.562910569593641412e+02
3.494229269409179324e+02
3.474887814500596619e+02
3.506427926296657915e+02
3.431987557305230325e+02
3.261735283576118150e+02
3.400701646762424275e+02
3.211401944647894879e+02
3.272534514194064741e+02
3.175708261786567164e+02
3.188365885755750355e+02
3.159676188998752764e+02
3.201290793355306050e+02
3.148190651957194177e+02
3.054050224812825149e+02
3.036531324259440225e+02
2.986122380235460696e+02
2.938519139777289411e+02
2.825373500569660905e+02
3.040059192403157340e+02
3.009400864071315596e+02
2.994126216464572394e+02
2.969536562008327678e+02
2.888845725080702209e+02
2.854690607198079420e+02
2.717696310255262233e+02
2.644884025488959196e+02
2.504563619656033211e+02
2.418903799947102584e+02
2.368185242886013384e+02
2.355548674265543809e+02
2.252106600697835574e+02
2.186154671732584802e+02
2.144964106835259372e+02
2.072158896382649402e+02
2.045964925469292552e+02
1.995170447370740874e+02
1.947759093221028479e+02
1.885006475406222819e+02
1.856777276441786171e+02
1.802626274702284093e+02
1.723623836093478872e+02
1.667233288998073988e+02
1.592119297112359391e+02
1.548385426584879383e+02
1.475812258232964496e+02
1.429694008551703348e+02
1.380490292188856642e+02
1.322484663645426508e+02
1.275264385901556636e+02
1.230067230648464829e+02
1.204314508310953613e+02
1.177929445563422064e+02
1.157770942264132827e+02
1.107430149247911118e+02
